-1930.25398326
-1930.24711658
-1930.23068153
-1930.21368405
-1930.20371489
-1930.20216083
-1930.20502881
-1930.20765985
-1930.20766262
-1930.20472094
-1930.19981776
-1930.1951584
-1930.19381914
-1930.19799067
-1930.20685387
-1930.21656308
-1930.22247899
-1930.22169285
-1930.21473686
-1930.20589983
-1930.20119251
-1930.20420741
-1930.21290972
-1930.22115498
-1930.22382544
-1930.22038373
-1930.2140911
-1930.20883287
-1930.20663522
-1930.20693986
-1930.20737924
-1930.20577521
-1930.20186876
-1930.1972343
-1930.19390753
-1930.19340996
-1930.19649835
-1930.2028743
-1930.21078533
-1930.21743421
-1930.22047517
-1930.21940448
-1930.21586583
-1930.21248949
-1930.21083458
-1930.2103763
-1930.20936839
-1930.20639286
-1930.20172188
-1930.19754788
-1930.19654698
-1930.1999368
-1930.20642235
-1930.21293538
-1930.21660713
-1930.21646166
-1930.21393241
-1930.21169721
-1930.21138298
-1930.21241867
-1930.21333132
-1930.21354022
-1930.21337074
-1930.21291048
-1930.21155458
-1930.20920351
-1930.2075976
-1930.20921415
-1930.21402563
-1930.21835961
-1930.21810415
-1930.21253877
-1930.20477902
-1930.19901912
-1930.19742996
-1930.19932445
-1930.20273429
-1930.20599214
-1930.20818364
-1930.20914824
-1930.20913064
-1930.20827283
-1930.20681816
-1930.20567495
-1930.20603597
-1930.20805835
-1930.21011516
-1930.20983527
-1930.20628216
-1930.201386
-1930.19895239
-1930.20159517
-1930.20834334
-1930.21546193
-1930.21949725
-1930.21946563
-1930.21667065
-1930.2130412
-1930.20971729
-1930.20735874
-1930.20710121
-1930.20937455
-1930.21221243
-1930.21275481
-1930.21011561
-1930.2061457
-1930.20394149
-1930.20559648
-1930.21059062
-1930.21614935
-1930.21940259
-1930.21906837
-1930.21548792
-1930.21009242
-1930.20512948
-1930.2032405
-1930.20595659
-1930.21208182
-1930.2179807
-1930.22011959
-1930.21788114
-1930.21396479
-1930.21188876
-1930.21307701
-1930.21628895
-1930.21920281
-1930.22023998
-1930.21922579
-1930.21669535
-1930.2131499
-1930.20922891
-1930.20616447
-1930.20514787
-1930.20612674
-1930.20787587
-1930.20917815
-1930.20944284
-1930.20861393
-1930.20717624
-1930.20605992
-1930.20586882
-1930.20619646
-1930.20606081
-1930.2051823
-1930.20457007
-1930.20541266
-1930.20761752
-1930.20991353
-1930.21110287
-1930.21078603
-1930.20959838
-1930.20903613
-1930.21030507
-1930.21303107
-1930.21545321
-1930.21574389
-1930.21317496
-1930.20882357
-1930.20534353
-1930.20502891
-1930.20766714
-1930.21070323
-1930.21170006
-1930.21048106
-1930.20882679
-1930.2081598
-1930.20800767
-1930.2069748
-1930.20485918
-1930.203368
-1930.20447543
-1930.20792973
-1930.21095651
-1930.21089218
-1930.20782515
-1930.20463077
-1930.20463286
-1930.20867608
-1930.2142561
-1930.21797236
-1930.21852334
-1930.21694638
-1930.21474976
-1930.21254675
-1930.21041839
-1930.20908382
-1930.20975864
-1930.21241327
-1930.2147677
-1930.21400318
-1930.20981914
-1930.2051351
-1930.20335157
-1930.20508235
-1930.20788062
-1930.20894592
-1930.20767348
-1930.20552563
-1930.20389876
-1930.20268282
-1930.20115874
-1930.19987564
-1930.20074923
-1930.20458164
-1930.20943036
-1930.21223697
-1930.21134718
-1930.20783347
-1930.20514308
-1930.20644308
-1930.2114309
-1930.21644679
-1930.21805996
-1930.2160281
-1930.21265471
-1930.21004656
-1930.20882931
-1930.20891644
-1930.21008356
-1930.2119174
-1930.21380754
-1930.21490567
-1930.21438692
-1930.2123011
-1930.21002703
-1930.20936972
-1930.21102294
-1930.21404683
-1930.21668369
-1930.21755896
-1930.21630828
-1930.21346635
-1930.21000693
-1930.20714401
-1930.20614208
-1930.20741737
-1930.20973729
-1930.21125353
-1930.21112663
-1930.2098249
-1930.20852824
-1930.2083743
-1930.20985789
-1930.21271079
-1930.21617308
-1930.21928287
-1930.22105991
-1930.22067997
-1930.21784867
-1930.21333093
-1930.20885515
-1930.2058313
-1930.20426703
-1930.2032101
-1930.20188575
-1930.20035609
-1930.19942541
-1930.19995968
-1930.20203768
-1930.20476996
-1930.20709117
-1930.20869966
-1930.2100117
-1930.21117246
-1930.211677
-1930.21115084
-1930.20987654
-1930.20840229
-1930.20704085
-1930.20582915
-1930.20486482
-1930.20458963
-1930.20554236
-1930.20770456
-1930.21027918
-1930.21225059
-1930.21303126
-1930.21277181
-1930.2122925
-1930.21269525
-1930.21455135
-1930.21722762
-1930.21920207
-1930.2193412
-1930.21776881
-1930.21534602
-1930.21256285
-1930.20938617
-1930.20623928
-1930.20452608
-1930.20518305
-1930.20721981
-1930.20849011
-1930.20757139
-1930.20495987
-1930.20281347
-1930.2032219
-1930.20665308
-1930.2118617
-1930.2165982
-1930.21868788
-1930.21742726
-1930.21424955
-1930.21172639
-1930.21138016
-1930.21224566
-1930.21232637
-1930.21118858
-1930.21006477
-1930.20972496
-1930.20936049
-1930.20790925
-1930.20617718
-1930.2065338
-1930.20979289
-1930.213492
-1930.21441012
-1930.21198917
-1930.20844178
-1930.20599099
-1930.20491415
-1930.20440082
-1930.20408583
-1930.20396501
-1930.20372178
-1930.20320095
-1930.20303064
-1930.20398784
-1930.20578519
-1930.20740427
-1930.20872018
-1930.21079037
-1930.21422907
-1930.21783135
-1930.21936857
-1930.21794054
-1930.21527955
-1930.21421596
-1930.21543793
-1930.21663241
-1930.21561876
-1930.21311755
-1930.21163425
-1930.21223684
-1930.21327254
-1930.21240534
-1930.20953735
-1930.2069283
-1930.20641332
-1930.20749492
-1930.20840623
-1930.20798878
-1930.20647249
-1930.20517812
-1930.205433
-1930.20742557
-1930.21016443
-1930.21243644
-1930.2136619
-1930.21391109
-1930.21337847
-1930.21196711
-1930.20954445
-1930.20684381
-1930.2057124
-1930.20740935
-1930.21061177
-1930.21209458
-1930.20983451
-1930.20541365
-1930.20265252
-1930.2033534
-1930.20571356
-1930.20717749
-1930.20715167
-1930.20668903
-1930.20667732
-1930.2069397
-1930.20687955
-1930.2066112
-1930.20695335
-1930.2082542
-1930.2098173
-1930.21098025
-1930.2116542
-1930.21154941
-1930.21018613
-1930.20777791
-1930.20540067
-1930.20408021
-1930.20397152
-1930.20463061
-1930.20603521
-1930.20860504
-1930.21190905
-1930.21437817
-1930.21501818
-1930.2145668
-1930.21463179
-1930.21604527
-1930.21837434
-1930.22072254
-1930.22219811
-1930.22181248
-1930.21893545
-1930.21413219
-1930.20916246
-1930.20591043
-1930.20523124
-1930.20660312
-1930.20853399
-1930.20950621
-1930.20900821
-1930.20775027
-1930.20693275
-1930.2072075
-1930.20826998
-1930.20932652
-1930.20998194
-1930.21049221
-1930.21105432
-1930.21130398
-1930.21086019
-1930.20996873
-1930.20936682
-1930.20960551
-1930.21050415
-1930.21139027
-1930.21184526
-1930.21190005
-1930.21169308
-1930.21130609
-1930.2108412
-1930.21045432
-1930.21025942
-1930.21034279
-1930.2108778
-1930.21191821
-1930.21307363
-1930.21372857
-1930.21363796
-1930.21283244
-1930.21115314
-1930.20853314
-1930.2056518
-1930.20387132
-1930.20428723
-1930.20656375
-1930.2088466
-1930.20941778
-1930.20846867
-1930.20781014
-1930.20894102
-1930.21174133
-1930.21480285
-1930.21680633
-1930.21746542
-1930.21717547
-1930.216139
-1930.21432933
-1930.21210396
-1930.21038778
-1930.21006921
-1930.21119628
-1930.21276253
-1930.21332282
-1930.21201525
-1930.20928056
-1930.20663474
-1930.20556806
-1930.2064238
-1930.20807457
-1930.20870568
-1930.20722315
-1930.20422452
-1930.20147132
-1930.20051757
-1930.20175341
-1930.20411768
-1930.20593663
-1930.20661487
-1930.20715902
-1930.20866075
-1930.21091269
-1930.21292611
-1930.21424088
-1930.2151104
-1930.21562524
-1930.2152949
-1930.21369648
-1930.21096313
-1930.20771695
-1930.20499987
-1930.20413496
-1930.20568447
-1930.2084002
-1930.20988454
-1930.20873072
-1930.2060624
-1930.20466404
-1930.20609804
-1930.20889491
-1930.21041455
-1930.21002819
-1930.20921353
-1930.20915282
-1930.20963912
-1930.21010289
-1930.21037291
-1930.21043186
-1930.21038877
-1930.21055705
-1930.21107053
-1930.21169164
-1930.21210198
-1930.21220608
-1930.21212301
-1930.21212867
-1930.21250983
-1930.21325888
-1930.21404464
-1930.21466036
-1930.21537043
-1930.216628
-1930.21805792
-1930.2179096
-1930.21467841
-1930.20952484
-1930.2058671
-1930.20586542
-1930.20780895
-1930.20793647
-1930.20515392
-1930.20273471
-1930.20394525
-1930.20748467
-1930.209392
-1930.20837096
-1930.20727694
-1930.20940236
-1930.21439377
-1930.21842426
-1930.21792921
-1930.21279735
-1930.20626399
-1930.20215074
-1930.20193704
-1930.20394169
-1930.20527988
-1930.20482168
-1930.20416824
-1930.2055888
-1930.20904733
-1930.21201549
-1930.21239827
-1930.2111927
-1930.21159064
-1930.21519019
-1930.21961238
-1930.22085466
-1930.21777056
-1930.21334038
-1930.2111039
-1930.2113619
-1930.21165706
-1930.20998927
-1930.20720246
-1930.20614703
-1930.20811744
-1930.21075679
-1930.21053749
-1930.20698019
-1930.2032347
-1930.20262096
-1930.20580891
-1930.21107656
-1930.21603525
-1930.21919778
-1930.22052105
-1930.22077998
-1930.22060165
-1930.22001973
-1930.21875609
-1930.216729
-1930.21434564
-1930.21215548
-1930.21018255
-1930.20763495
-1930.2036315
-1930.19878058
-1930.19578459
-1930.19737208
-1930.20326925
-1930.20998373
-1930.21389274
-1930.21421686
-1930.21294321
-1930.21201041
-1930.21116593
-1930.20938505
-1930.20731015
-1930.20651297
-1930.20695642
-1930.20674145
-1930.20449577
-1930.20120497
-1930.1993437
-1930.20045505
-1930.20406356
-1930.20855422
-1930.21240123
-1930.21459588
-1930.21455733
-1930.21254908
-1930.2103573
-1930.21002566
-1930.21153752
-1930.21305259
-1930.21338016
-1930.21304386
-1930.21298364
-1930.21312455
-1930.21262123
-1930.21118089
-1930.20956134
-1930.20849819
-1930.20754015
-1930.20553831
-1930.20242641
-1930.19996169
-1930.20031623
-1930.20405218
-1930.2096139
-1930.2145144
-1930.2169627
-1930.2169018
-1930.21589023
-1930.21578857
-1930.21718986
-1930.21895865
-1930.21910152
-1930.21623319
-1930.21067931
-1930.20461895
-1930.20097708
-1930.20131962
-1930.20457248
-1930.20810378
-1930.21001715
-1930.21028658
-1930.21000957
-1930.20995422
-1930.21011932
-1930.21043698
-1930.21107859
-1930.21201569
-1930.21262642
-1930.21194161
-1930.20960409
-1930.20668595
-1930.20523617
-1930.20670444
-1930.21067839
-1930.2149602
-1930.21687057
-1930.21509637
-1930.21075273
-1930.20656409
-1930.20475776
-1930.20556793
-1930.2075294
-1930.20881329
-1930.2084852
-1930.20701751
-1930.20606802
-1930.20737586
-1930.21154905
-1930.21774388
-1930.22406601
-1930.22818347
-1930.22814035
-1930.22351954
-1930.21625398
-1930.20981338
-1930.20683576
-1930.20736752
-1930.20923529
-1930.20979939
-1930.20749263
-1930.2026934
-1930.19785713
-1930.19650294
-1930.20056236
-1930.20836289
-1930.21599015
-1930.22014377
-1930.21965477
-1930.21574058
-1930.21134274
-1930.20948163
-1930.2112181
-1930.21491454
-1930.2175865
-1930.21714788
-1930.2135755
-1930.208365
-1930.20344918
-1930.20083663
-1930.20169329
-1930.20496408
-1930.20806568
-1930.2091158
-1930.20801082
-1930.20585442
-1930.20416858
-1930.20434105
-1930.20683054
-1930.2105615
-1930.21351163
-1930.21410287
-1930.21214739
-1930.20888317
-1930.20626229
-1930.2056142
-1930.20624906
-1930.20609276
-1930.20428656
-1930.20208568
-1930.20116336
-1930.20188648
-1930.20368762
-1930.20635952
-1930.21012947
-1930.21461853
-1930.21845127
-1930.22002925
-1930.21890221
-1930.2166798
-1930.21572712
-1930.21625198
-1930.21645127
-1930.21504259
-1930.21203866
-1930.20838666
-1930.20567755
-1930.20546891
-1930.2081258
-1930.21225743
-1930.21554154
-1930.2162568
-1930.2142318
-1930.21063305
-1930.20712108
-1930.20528083
-1930.20623482
-1930.20975463
-1930.21364797
-1930.21491722
-1930.21214185
-1930.20705484
-1930.20363012
-1930.20485478
-1930.21020271
-1930.21668593
-1930.22149721
-1930.2228178
-1930.21957446
-1930.21232434
-1930.20431775
-1930.20011784
-1930.2016844
-1930.20645536
-1930.21023341
-1930.21102552
-1930.20971284
-1930.20811262
-1930.20719488
-1930.20733769
-1930.20926286
-1930.21326139
-1930.21772936
-1930.21983014
-1930.21785285
-1930.21270787
-1930.2072468
-1930.20401494
-1930.2036084
-1930.20505299
-1930.20719243
-1930.20921049
-1930.21040893
-1930.21048621
-1930.20987254
-1930.20929179
-1930.20925745
-1930.20998591
-1930.21139489
-1930.2131744
-1930.21497771
-1930.2163555
-1930.21667322
-1930.21546238
-1930.21299025
-1930.21019645
-1930.20809564
-1930.20733507
-1930.20792988
-1930.20909891
-1930.20981141
-1930.20942858
-1930.20772489
-1930.20504113
-1930.20268947
-1930.20246486
-1930.20512947
-1930.20960267
-1930.21391319
-1930.21660361
-1930.21705419
-1930.21534635
-1930.21247901
-1930.2101286
-1930.20946932
-1930.21018811
-1930.21081082
-1930.21001146
-1930.20753905
-1930.2040945
-1930.20088533
-1930.19920128
-1930.20000815
-1930.20347898
-1930.2085657
-1930.21321337
-1930.2155979
-1930.21522805
-1930.21299357
-1930.21090873
-1930.21106422
-1930.21356975
-1930.21607689
-1930.21609914
-1930.21355409
-1930.21049766
-1930.20842402
-1930.20682698
-1930.20467278
-1930.2024281
-1930.2019589
-1930.20429754
-1930.20786226
-1930.20990442
-1930.20959874
-1930.20883706
-1930.20999773
-1930.21340269
-1930.21709608
-1930.2189573
-1930.21869629
-1930.21749041
-1930.21631896
-1930.21537205
-1930.21437577
-1930.21290703
-1930.21079041
-1930.20863408
-1930.20747747
-1930.2072011
-1930.20626848
-1930.20402586
-1930.20212421
-1930.20290218
-1930.20678182
-1930.21146767
-1930.21411754
-1930.21426034
-1930.21397414
-1930.21498498
-1930.21639107
-1930.21595621
-1930.21314008
-1930.20987264
-1930.20824096
-1930.20804153
-1930.20740701
-1930.20537091
-1930.20298901
-1930.20213348
-1930.20367274
-1930.20689783
-1930.21033648
-1930.21274581
-1930.21386558
-1930.21449089
-1930.21544887
-1930.2164374
-1930.21617612
-1930.21407675
-1930.21153058
-1930.21059211
-1930.21147384
-1930.21245786
-1930.21194882
-1930.20971151
-1930.20675391
-1930.20465716
-1930.20449756
-1930.20619431
-1930.20883108
-1930.21133906
-1930.21270706
-1930.21218255
-1930.21003452
-1930.20785542
-1930.20744174
-1930.20929628
-1930.2122172
-1930.2146421
-1930.21614288
-1930.21676906
-1930.21564685
-1930.21224266
-1930.20858853
-1930.20756654
-1930.20918292
-1930.21062906
-1930.20957985
-1930.20630953
-1930.20307371
-1930.2018023
-1930.20241491
-1930.20368385
-1930.2051821
-1930.20749241
-1930.21067597
-1930.21349207
-1930.21460407
-1930.21394803
-1930.21257761
-1930.21147562
-1930.21065807
-1930.20956813
-1930.20816987
-1930.20715278
-1930.20684856
-1930.20667586
-1930.2061064
-1930.20535889
-1930.20472551
-1930.20411898
-1930.2037655
-1930.20440172
-1930.20640038
-1930.20919935
-1930.21166638
-1930.21311136
-1930.213965
-1930.21489278
-1930.21582338
-1930.21639606
-1930.21665346
-1930.21686682
-1930.21701094
-1930.2164888
-1930.21453748
-1930.2110196
-1930.20679513
-1930.20326658
-1930.20166063
-1930.20246461
-1930.20501981
-1930.20794844
-1930.21026483
-1930.2119225
-1930.21334369
-1930.21492405
-1930.21684363
-1930.2188144
-1930.22016166
-1930.22058426
-1930.2200863
-1930.21829403
-1930.21491232
-1930.21067205
-1930.20705513
-1930.20514721
-1930.20495641
-1930.20565419
-1930.20631695
-1930.20651073
-1930.20648833
-1930.20692313
-1930.20821114
-1930.210015
-1930.21168463
-1930.21279095
-1930.2130504
-1930.21226763
-1930.21082001
-1930.2100949
-1930.2114845
-1930.21431744
-1930.21603955
-1930.21496461
-1930.21154414
-1930.20738386
-1930.20426555
-1930.2035236
-1930.20526393
-1930.20808422
-1930.20992058
-1930.20951074
-1930.20727674
-1930.20492669
-1930.20447476
-1930.20724271
-1930.21272309
-1930.21858606
-1930.2226437
-1930.22414351
-1930.22296203
-1930.21880396
-1930.21221207
-1930.20589191
-1930.20347014
-1930.20603068
-1930.21063832
-1930.2129073
-1930.21068557
-1930.20546326
-1930.2010693
-1930.20071861
-1930.2044906
-1930.2097247
-1930.21375646
-1930.2155524
-1930.21515042
-1930.21289066
-1930.20950373
-1930.20632774
-1930.20491773
-1930.20624543
-1930.20995902
-1930.21418012
-1930.21641912
-1930.21523699
-1930.21126907
-1930.20666626
-1930.2034676
-1930.2023411
-1930.20290439
-1930.20475817
-1930.20736595
-1930.20940318
-1930.20936795
-1930.20713138
-1930.20460123
-1930.20435794
-1930.20742467
-1930.21233764
-1930.21636074
-1930.21742585
-1930.2152603
-1930.2113685
-1930.20791092
-1930.20601948
-1930.20525972
-1930.20496103
-1930.20552794
-1930.20787869
-1930.21186028
-1930.2156913
-1930.21725068
-1930.21600677
-1930.21363959
-1930.21263436
-1930.21381047
-1930.21516132
-1930.214039
-1930.21064386
-1930.20813298
-1930.20874189
-1930.21093821
-1930.2115682
-1930.20983415
-1930.20803997
-1930.2086965
-1930.21160023
-1930.21409768
-1930.21371601
-1930.21023987
-1930.20572459
-1930.20283653
-1930.20293009
-1930.20525083
-1930.20794671
-1930.20979668
-1930.21098558
-1930.21237192
-1930.21432473
-1930.21641103
-1930.21789481
-1930.21829603
-1930.21765925
-1930.21627918
-1930.21431066
-1930.21175034
-1930.20887069
-1930.20650283
-1930.20571934
-1930.20682897
-1930.20869668
-1930.20948457
-1930.20827961
-1930.20613222
-1930.20533561
-1930.20737935
-1930.21158399
-1930.21555836
-1930.21704062
-1930.21557054
-1930.21273644
-1930.21077647
-1930.21088134
-1930.21252559
-1930.21423816
-1930.21498802
-1930.21490583
-1930.21476893
-1930.21480207
-1930.21415248
-1930.21201199
-1930.20907143
-1930.20725434
-1930.2078311
-1930.20997314
-1930.21131701
-1930.21009957
-1930.20705936
-1930.2049829
-1930.20587819
-1930.20907765
-1930.2124419
-1930.21467267
-1930.21580214
-1930.21619462
-1930.21584891
-1930.214591
-1930.21235169
-1930.2093634
-1930.20628501
-1930.20398959
-1930.20308347
-1930.20346978
-1930.20432947
-1930.20463475
-1930.20403427
-1930.20324892
-1930.2034528
-1930.20514168
-1930.20783781
-1930.21094743
-1930.21425632
-1930.21704501
-1930.2181271
-1930.21720936
-1930.21524852
-1930.21333908
-1930.21184087
-1930.21056368
-1930.20922961
-1930.20744873
-1930.20459866
-1930.20037764
-1930.19562825
-1930.19237164
-1930.19246797
-1930.19602311
-1930.20128781
-1930.20628695
-1930.21027831
-1930.2136503
-1930.21669469
-1930.21892491
-1930.21982034
-1930.21988181
-1930.220228
-1930.2209262
-1930.22065532
-1930.21852372
-1930.21507078
-1930.211199
-1930.20762511
-1930.20518939
-1930.20434537
-1930.20429614
-1930.20367668
-1930.20221998
-1930.20122302
-1930.20228151
-1930.20573057
-1930.2102198
-1930.21391675
-1930.21611737
-1930.21748068
-1930.21873007
-1930.21955202
-1930.21907636
-1930.21734178
-1930.21567238
-1930.21515533
-1930.21531754
-1930.21479028
-1930.21273723
-1930.20929486
-1930.20555495
-1930.20327362
-1930.2037286
-1930.20642818
-1930.20928393
-1930.21036304
-1930.20946566
-1930.20806115
-1930.20776546
-1930.2089966
-1930.21114021
-1930.21351754
-1930.21577576
-1930.21758954
-1930.21837298
-1930.21746037
-1930.21479638
-1930.21157544
-1930.20967574
-1930.20996423
-1930.21138544
-1930.21204174
-1930.2110025
-1930.2089598
-1930.20728142
-1930.20676079
-1930.2072516
-1930.20822364
-1930.20937045
-1930.21074558
-1930.21249026
-1930.21449783
-1930.21601148
-1930.21593164
-1930.21409407
-1930.21205304
-1930.21190226
-1930.21382797
-1930.21554261
-1930.21462692
-1930.21095414
-1930.20663039
-1930.20400034
-1930.20373351
-1930.20468683
-1930.20541207
-1930.20546052
-1930.20528075
-1930.20539603
-1930.20611365
-1930.20759006
-1930.20956894
-1930.21147126
-1930.21300451
-1930.21422706
-1930.21511711
-1930.21549983
-1930.21535751
-1930.21476058
-1930.21362105
-1930.21172777
-1930.2089407
-1930.20532428
-1930.2014281
-1930.19850121
-1930.19795176
-1930.20022279
-1930.20424062
-1930.20822693
-1930.21108433
-1930.21293663
-1930.21452948
-1930.21619947
-1930.21749196
-1930.21776812
-1930.217025
-1930.21586976
-1930.21464803
-1930.21293926
-1930.21018264
-1930.20650906
-1930.20315136
-1930.20194173
-1930.20372966
-1930.20718793
-1930.20988448
-1930.21029123
-1930.20856629
-1930.20615557
-1930.20488047
-1930.20580781
-1930.2085471
-1930.21175826
-1930.21423935
-1930.21555475
-1930.21586406
-1930.21542142
-1930.21440069
-1930.2132333
-1930.21257877
-1930.21277799
-1930.21333699
-1930.21282554
-1930.20986416
-1930.20498026
-1930.20105829
-1930.20096024
-1930.20474855
-1930.20983247
-1930.21348644
-1930.21475096
-1930.21443531
-1930.21391837
-1930.21378234
-1930.21348972
-1930.21242082
-1930.2107393
-1930.20915041
-1930.20819836
-1930.20779513
-1930.20744432
-1930.20711193
-1930.20767641
-1930.20999453
-1930.21349141
-1930.21608475
-1930.2158635
-1930.21297729
-1930.20985553
-1930.20910033
-1930.21091218
-1930.21311082
-1930.2136454
-1930.21230496
-1930.2103325
-1930.2091518
-1930.20949378
-1930.21116711
-1930.21350778
-1930.21569778
-1930.21656359
-1930.21490658
-1930.21055667
-1930.20500223
-1930.20080057
-1930.19990056
-1930.20223779
-1930.20597716
-1930.20905097
-1930.21056532
-1930.21110073
-1930.21199426
-1930.21403658
-1930.21677071
-1930.2191847
-1930.22057651
-1930.22045415
-1930.21831871
-1930.21402379
-1930.20840546
-1930.2035022
-1930.20148888
-1930.20267399
-1930.20500724
-1930.20594316
-1930.20458675
-1930.20215868
-1930.20075803
-1930.20164225
-1930.20460261
-1930.20860372
-1930.21251751
-1930.2153491
-1930.21638605
-1930.21560324
-1930.21394258
-1930.21287625
-1930.21337909
-1930.21511489
-1930.21667542
-1930.21667681
-1930.21450346
-1930.21027704
-1930.20471647
-1930.19937501
-1930.19650859
-1930.19776048
-1930.20262133
-1930.20847723
-1930.21235562
-1930.21287095
-1930.21113914
-1930.21001384
-1930.21200875
-1930.21712508
-1930.22242283
-1930.22406099
-1930.22029975
-1930.21293709
-1930.20585811
-1930.2018732
-1930.20101752
-1930.20184865
-1930.20349531
-1930.20599125
-1930.20909689
-1930.21161411
-1930.21236693
-1930.21187316
-1930.2123577
-1930.21545971
-1930.22007585
-1930.22282201
-1930.22076746
-1930.21411635
-1930.20663296
-1930.20290552
-1930.20434831
-1930.20823527
-1930.21066128
-1930.20966891
-1930.20621865
-1930.20319722
-1930.20313681
-1930.20615982
-1930.21003605
-1930.21241967
-1930.21296086
-1930.2132171
-1930.21457559
-1930.21645729
-1930.21708479
-1930.21617875
-1930.21576059
-1930.21754912
-1930.2204233
-1930.22127931
-1930.21821932
-1930.21251208
-1930.20750577
-1930.20558153
-1930.2064226
-1930.20805098
-1930.208669
-1930.20754885
-1930.2052042
-1930.20320708
-1930.20330822
-1930.20611137
-1930.21038733
-1930.21388375
-1930.21501634
-1930.21400937
-1930.21262353
-1930.2124353
-1930.21336653
-1930.21415288
-1930.21412133
-1930.21390516
-1930.2142612
-1930.2146663
-1930.21351888
-1930.21005432
-1930.20592881
-1930.2040195
-1930.2052157
-1930.20745577
-1930.20788891
-1930.20533326
-1930.20126467
-1930.19875411
-1930.19984722
-1930.20382442
-1930.20821292
-1930.21089527
-1930.211206
-1930.20984692
-1930.20818466
-1930.20755453
-1930.20872013
-1930.21130326
-1930.21370532
-1930.21432341
-1930.21301877
-1930.21106841
-1930.20980058
-1930.20951563
-1930.20980201
-1930.21054724
-1930.21202031
-1930.21383351
-1930.21457896
-1930.21312414
-1930.20988051
-1930.20649135
-1930.20466752
-1930.20539972
-1930.20844191
-1930.21207437
-1930.21383256
-1930.21226205
-1930.208557
-1930.20585836
-1930.20609996
-1930.20812466
-1930.20963376
-1930.20980969
-1930.2096463
-1930.21040596
-1930.21214731
-1930.21388779
-1930.2149954
-1930.21596263
-1930.2178216
-1930.22079861
-1930.22349945
-1930.22364345
-1930.22003086
-1930.21394713
-1930.20837012
-1930.20552405
-1930.20521268
-1930.20547427
-1930.20447951
-1930.20206714
-1930.20005954
-1930.200987
-1930.20579088
-1930.21247745
-1930.21747314
-1930.21878856
-1930.21778284
-1930.21726743
-1930.21793882
-1930.21793017
-1930.21596188
-1930.21297471
-1930.21035592
-1930.20834337
-1930.20658751
-1930.20520511
-1930.20490204
-1930.20632992
-1930.2094262
-1930.21315907
-1930.21594513
-1930.21680177
-1930.21609898
-1930.21500328
-1930.21420293
-1930.21336303
-1930.21179557
-1930.20961113
-1930.2079397
-1930.20776923
-1930.20877991
-1930.20962758
-1930.20929883
-1930.20813369
-1930.20761877
-1930.20897667
-1930.21175417
-1930.21400498
-1930.21406002
-1930.21209022
-1930.20994263
-1930.20929951
-1930.2101583
-1930.21118471
-1930.21129457
-1930.21068313
-1930.21031863
-1930.21059617
-1930.21075718
-1930.20972463
-1930.20749411
-1930.20555834
-1930.20554228
-1930.20734583
-1930.20897013
-1930.20851548
-1930.20617423
-1930.20424551
-1930.20514907
-1930.20893174
-1930.21275005
-1930.21347619
-1930.21078044
-1930.20725845
-1930.20553492
-1930.20580748
-1930.20636297
-1930.20614442
-1930.20617959
-1930.20807981
-1930.21145972
-1930.21375802
-1930.21288665
-1930.20975105
-1930.20776717
-1930.20936474
-1930.21342761
-1930.21667704
-1930.21664449
-1930.21315931
-1930.208117
-1930.20420374
-1930.20325492
-1930.20516123
-1930.20827475
-1930.21080366
-1930.21177476
-1930.21123001
-1930.21005909
-1930.2093961
-1930.20993041
-1930.21165353
-1930.21372753
-1930.21473793
-1930.21358231
-1930.21040677
-1930.20684521
-1930.20503978
-1930.20607676
-1930.20933355
-1930.21309638
-1930.21571748
-1930.21636929
-1930.21522754
-1930.21331088
-1930.21185043
-1930.21138562
-1930.21146191
-1930.21135005
-1930.21085947
-1930.2103106
-1930.20988365
-1930.20937242
-1930.20881229
-1930.20908333
-1930.21119069
-1930.21462385
-1930.21714467
-1930.21684643
-1930.21411108
-1930.21120625
-1930.21002858
-1930.21053924
-1930.21136806
-1930.21130306
-1930.21018035
-1930.20878287
-1930.20814088
-1930.20884971
-1930.21058916
-1930.21224154
-1930.21284765
-1930.21242918
-1930.21164284
-1930.21091958
-1930.21021182
-1930.20948985
-1930.20928587
-1930.21058747
-1930.21364519
-1930.21688559
-1930.21786674
-1930.21587749
-1930.21310241
-1930.21237922
-1930.21412982
-1930.21605577
-1930.21552358
-1930.21178619
-1930.20648359
-1930.20245921
-1930.20173163
-1930.20410038
-1930.20734738
-1930.20899819
-1930.20835403
-1930.207053
-1930.20728972
-1930.20934289
-1930.21132816
-1930.21152639
-1930.21033622
-1930.20949943
-1930.20983772
-1930.21023354
-1930.20914665
-1930.20706929
-1930.20671173
-1930.21001535
-1930.21545071
-1930.21915046
-1930.21836913
-1930.21348161
-1930.20741128
-1930.20345136
-1930.20286512
-1930.20439235
-1930.205852
-1930.20570786
-1930.20364086
-1930.20071296
-1930.19899363
-1930.20018833
-1930.20443709
-1930.21029656
-1930.21553492
-1930.21817091
-1930.21760394
-1930.21494045
-1930.21212794
-1930.2106038
-1930.2105182
-1930.21099315
-1930.21101807
-1930.21009427
-1930.20847708
-1930.2071888
-1930.20713702
-1930.20801695
-1930.20887118
-1930.20935686
-1930.20970621
-1930.20997732
-1930.21009889
-1930.21032755
-1930.21093307
-1930.21173633
-1930.21237422
-1930.21284178
-1930.21345961
-1930.21430321
-1930.21492952
-1930.21478502
-1930.21363191
-1930.21170841
-1930.20974545
-1930.20861598
-1930.20821734
-1930.20735076
-1930.20542418
-1930.20347846
-1930.20294227
-1930.20412449
-1930.20636698
-1930.20900307
-1930.21142525
-1930.21303208
-1930.21392868
-1930.21512834
-1930.21727493
-1930.21953531
-1930.2202243
-1930.21847428
-1930.21507522
-1930.21181598
-1930.21030665
-1930.21102829
-1930.2130415
-1930.21473137
-1930.21489866
-1930.21329344
-1930.21051679
-1930.20778522
-1930.20651709
-1930.20741309
-1930.20983864
-1930.21243376
-1930.2141218
-1930.21423757
-1930.21233807
-1930.20905938
-1930.20687861
-1930.20833604
-1930.21311831
-1930.21790255
-1930.21942159
-1930.21717424
-1930.21313971
-1930.2096254
-1930.20764663
-1930.20692021
-1930.20704406
-1930.20807608
-1930.20984847
-1930.21137408
-1930.21157016
-1930.21051552
-1930.2094152
-1930.209567
-1930.21151699
-1930.21465048
-1930.21726984
-1930.21760037
-1930.21508255
-1930.21080831
-1930.20673301
-1930.20422552
-1930.20327934
-1930.2032103
-1930.20344939
-1930.20350333
-1930.20323194
-1930.20312468
-1930.20386713
-1930.20588596
-1930.20899068
-1930.21230947
-1930.21487018
-1930.21641088
-1930.21728608
-1930.21770833
-1930.2173866
-1930.2161413
-1930.21454214
-1930.21337855
-1930.21277547
-1930.21223124
-1930.21122148
-1930.20943782
-1930.20687783
-1930.20421273
-1930.20248279
-1930.20191193
-1930.20188748
-1930.20195448
-1930.20214094
-1930.2029069
-1930.20477076
-1930.20770764
-1930.21119511
-1930.21456844
-1930.21688554
-1930.21719699
-1930.21552149
-1930.21310812
-1930.2114035
-1930.21109373
-1930.21205042
-1930.21347972
-1930.2141449
-1930.21296106
-1930.20989449
-1930.20642744
-1930.20465526
-1930.20551466
-1930.20800414
-1930.21009949
-1930.21023771
-1930.20832272
-1930.20551723
-1930.20305671
-1930.20202296
-1930.20337598
-1930.20684907
-1930.21085368
-1930.2139471
-1930.21586595
-1930.21703494
-1930.21728475
-1930.21621327
-1930.2149045
-1930.21487178
-1930.21544867
-1930.2150517
-1930.21368457
-1930.21234013
-1930.21126304
-1930.20991097
-1930.20832486
-1930.20765782
-1930.20918329
-1930.212871
-1930.21676293
-1930.21787117
-1930.21482614
-1930.20992177
-1930.20730266
-1930.20871363
-1930.21191469
-1930.21328461
-1930.21175192
-1930.20987333
-1930.21040637
-1930.21309092
-1930.2156491
-1930.21596845
-1930.21398316
-1930.21230428
-1930.21342454
-1930.21640747
-1930.21785404
-1930.21569521
-1930.21134839
-1930.20830639
-1930.20870467
-1930.21127071
-1930.21280866
-1930.21173691
-1930.20953284
-1930.20847373
-1930.2088253
-1930.20907003
-1930.20847499
-1930.20793637
-1930.20820738
-1930.20832013
-1930.20683209
-1930.20448079
-1930.20402622
-1930.2071384
-1930.21243479
-1930.21683986
-1930.21808373
-1930.21573834
-1930.21112831
-1930.20677731
-1930.2050006
-1930.20599461
-1930.20783719
-1930.20854601
-1930.20772899
-1930.2063838
-1930.20555188
-1930.20539153
-1930.20555233
-1930.20626695
-1930.20868972
-1930.21322808
-1930.21741199
-1930.21717272
-1930.21135604
-1930.20419356
-1930.20157605
-1930.20466423
-1930.20925162
-1930.21119901
-1930.21038095
-1930.2096334
-1930.21123583
-1930.21457763
-1930.21719362
-1930.21748497
-1930.21577742
-1930.21339109
-1930.21136792
-1930.20987702
-1930.20838441
-1930.20645674
-1930.20453675
-1930.20391132
-1930.20566987
-1930.2091369
-1930.21170093
-1930.21122149
-1930.20847769
-1930.20673435
-1930.20864165
-1930.21298443
-1930.21530556
-1930.21289237
-1930.2079504
-1930.20512121
-1930.20661049
-1930.21023481
-1930.21269368
-1930.21332019
-1930.21352803
-1930.21405595
-1930.2140909
-1930.21273133
-1930.21041156
-1930.20860143
-1930.20847243
-1930.21008402
-1930.21231172
-1930.21344944
-1930.21251007
-1930.2102358
-1930.20861508
-1930.20935053
-1930.21244343
-1930.21599404
-1930.21769124
-1930.21657885
-1930.21335391
-1930.20957338
-1930.20675005
-1930.2053902
-1930.20501481
-1930.20567718
-1930.20856776
-1930.21367078
-1930.21810814
-1930.21902553
-1930.21710613
-1930.21583537
-1930.2175145
-1930.22074619
-1930.22213306
-1930.21986548
-1930.21504061
-1930.21007207
-1930.20657992
-1930.20482945
-1930.20450964
-1930.20542596
-1930.20742903
-1930.20997366
-1930.21205288
-1930.21284058
-1930.2123705
-1930.21128499
-1930.20989846
-1930.20805962
-1930.20589181
-1930.20406939
-1930.20353025
-1930.20485887
-1930.2076815
-1930.21091869
-1930.2132054
-1930.21337829
-1930.21149374
-1930.20943791
-1930.20956962
-1930.21207259
-1930.21421441
-1930.21293334
-1930.20801694
-1930.20238981
-1930.19946687
-1930.20038111
-1930.20371186
-1930.2075668
-1930.21122999
-1930.21465274
-1930.21717934
-1930.21755138
-1930.21515338
-1930.21097837
-1930.20731261
-1930.20625002
-1930.20817634
-1930.2113702
-1930.21301685
-1930.21187702
-1930.20958209
-1930.20869656
-1930.21027197
-1930.21293377
-1930.21426227
-1930.21330798
-1930.21153625
-1930.21102685
-1930.21191487
-1930.21237592
-1930.21103998
-1930.20853927
-1930.20680443
-1930.20743788
-1930.21060815
-1930.2149357
-1930.21833723
-1930.21938044
-1930.21820175
-1930.21605476
-1930.2140346
-1930.21221379
-1930.21000816
-1930.20755351
-1930.206542
-1930.20825854
-1930.21111296
-1930.21211162
-1930.21028834
-1930.2077151
-1930.20741786
-1930.21031478
-1930.2143608
-1930.21652509
-1930.21516041
-1930.21100542
-1930.20658519
-1930.2044233
-1930.2053456
-1930.20828647
-1930.21152082
-1930.21410142
-1930.21628026
-1930.2184653
-1930.21995035
-1930.21930311
-1930.21646106
-1930.21384785
-1930.21369004
-1930.21464397
-1930.21312368
-1930.2076676
-1930.20075877
-1930.19667569
-1930.19764662
-1930.20192647
-1930.20592387
-1930.20789998
-1930.20888726
-1930.21026649
-1930.21196256
-1930.21335804
-1930.21434034
-1930.21503582
-1930.21553066
-1930.21572604
-1930.2150863
-1930.21304999
-1930.2100608
-1930.20783988
-1930.20816991
-1930.21099825
-1930.21379697
-1930.21373223
-1930.21072927
-1930.20755919
-1930.20670397
-1930.20786282
-1930.20903055
-1930.20907191
-1930.20861287
-1930.20901872
-1930.21089038
-1930.21311097
-1930.21384472
-1930.21294408
-1930.21244708
-1930.21410855
-1930.21676262
-1930.21691705
-1930.21242654
-1930.20533861
-1930.20043821
-1930.20058837
-1930.20426019
-1930.20780495
-1930.20901396
-1930.20855463
-1930.20881991
-1930.21133103
-1930.21492767
-1930.21702742
-1930.21670357
-1930.2154519
-1930.21494583
-1930.21525271
-1930.21516907
-1930.21345093
-1930.20997778
-1930.2066672
-1930.20655793
-1930.21058553
-1930.21523908
-1930.21545407
-1930.2101196
-1930.20354065
-1930.20139734
-1930.20533563
-1930.21168906
-1930.21527016
-1930.21377661
-1930.20905254
-1930.20529149
-1930.20579628
-1930.2103769
-1930.21551729
-1930.21745683
-1930.21520516
-1930.21095937
-1930.20781995
-1930.20679358
-1930.20635597
-1930.20520874
-1930.20431475
-1930.20555032
-1930.20902181
-1930.21208131
-1930.21161852
-1930.20773929
-1930.20469146
-1930.20697902
-1930.21428363
-1930.2212923
-1930.22290303
-1930.21846547
-1930.21134864
-1930.20588713
-1930.20467934
-1930.20693723
-1930.20938113
-1930.20982139
-1930.20896434
-1930.20863173
-1930.2092905
-1930.20956343
-1930.20822203
-1930.20644156
-1930.20695508
-1930.21044848
-1930.21427292
-1930.21531463
-1930.21304926
-1930.20993575
-1930.20943875
-1930.21283196
-1930.21753814
-1930.21946268
-1930.21714537
-1930.21308161
-1930.21104079
-1930.21246852
-1930.21515822
-1930.21541845
-1930.21213
-1930.2080921
-1930.20671249
-1930.20828024
-1930.21032695
-1930.21097619
-1930.21106716
-1930.21283006
-1930.21644678
-1930.21880381
-1930.21669602
-1930.21092379
-1930.20621211
-1930.20678316
-1930.21196048
-1930.21682185
-1930.2172404
-1930.21345737
-1930.20893522
-1930.20689808
-1930.20812823
-1930.21086867
-1930.21274225
-1930.21300961
-1930.21255442
-1930.2120812
-1930.21111614
-1930.20903932
-1930.20668357
-1930.20600915
-1930.20809658
-1930.21193899
-1930.21492092
-1930.2145954
-1930.21063778
-1930.20544294
-1930.20248257
-1930.20349764
-1930.20696455
-1930.20939421
-1930.20845242
-1930.20498535
-1930.20183352
-1930.20121925
-1930.20367274
-1930.20819423
-1930.2126578
-1930.21513963
-1930.21529316
-1930.21396818
-1930.2120932
-1930.21065363
-1930.2107654
-1930.21255978
-1930.21447582
-1930.21438243
-1930.2113054
-1930.20631188
-1930.20195975
-1930.20068358
-1930.20327757
-1930.20861899
-1930.21440218
-1930.21814271
-1930.21830626
-1930.21517601
-1930.21101031
-1930.20899418
-1930.21111267
-1930.21632355
-1930.22083254
-1930.22079862
-1930.21530093
-1930.20725292
-1930.20163205
-1930.20152253
-1930.20535326
-1930.20905144
-1930.21011465
-1930.20871914
-1930.2062792
-1930.20417497
-1930.20332904
-1930.20412972
-1930.20651358
-1930.21024506
-1930.21466834
-1930.21826103
-1930.2192936
-1930.21747223
-1930.21471541
-1930.21370979
-1930.21529015
-1930.21764239
-1930.21842974
-1930.2168232
-1930.21331909
-1930.2089121
-1930.20515646
-1930.20357437
-1930.20400053
-1930.20461701
-1930.20420028
-1930.20332183
-1930.20343837
-1930.20549682
-1930.20907823
-1930.21274146
-1930.21547531
-1930.21732501
-1930.21859153
-1930.21915427
-1930.21858063
-1930.21664278
-1930.21390758
-1930.21161042
-1930.21058542
-1930.21055289
-1930.21038973
-1930.20903256
-1930.20657846
-1930.20458678
-1930.20488526
-1930.20769673
-1930.21107212
-1930.21258047
-1930.21153347
-1930.20943267
-1930.20861966
-1930.2103622
-1930.21391768
-1930.21724673
-1930.2186469
-1930.21791466
-1930.21626244
-1930.21511387
-1930.21453087
-1930.21325652
-1930.2106979
-1930.20789341
-1930.20608363
-1930.20515885
-1930.20410642
-1930.20258287
-1930.20173059
-1930.20329873
-1930.20775656
-1930.21345694
-1930.21792835
-1930.21975643
-1930.21921787
-1930.2176522
-1930.21638593
-1930.21592837
-1930.21586655
-1930.21535231
-1930.2135523
-1930.21014634
-1930.20586573
-1930.20243125
-1930.2014427
-1930.20312853
-1930.20614434
-1930.20874437
-1930.21019197
-1930.21096109
-1930.21175918
-1930.21264909
-1930.21319857
-1930.21317095
-1930.21285091
-1930.21285335
-1930.21350214
-1930.21419638
-1930.21377752
-1930.21171995
-1930.20884298
-1930.20678707
-1930.20674481
-1930.20850527
-1930.21056169
-1930.21128447
-1930.21035709
-1930.20883853
-1930.20774647
-1930.207183
-1930.20714009
-1930.20803731
-1930.21005382
-1930.21242522
-1930.21383599
-1930.21362248
-1930.21236453
-1930.21108343
-1930.21019611
-1930.2093777
-1930.20817435
-1930.20659175
-1930.205177
-1930.20459603
-1930.20492453
-1930.20533488
-1930.20500829
-1930.20445924
-1930.20544793
-1930.20898035
-1930.21378094
-1930.21711228
-1930.2169261
-1930.21361176
-1930.20988873
-1930.20842447
-1930.20947386
-1930.21121654
-1930.2123832
-1930.21351201
-1930.21528253
-1930.21658
-1930.21525417
-1930.21097198
-1930.20644347
-1930.20522716
-1930.20836243
-1930.21326083
-1930.21578823
-1930.21361585
-1930.20820438
-1930.20380198
-1930.20375574
-1930.20773253
-1930.21288544
-1930.21693002
-1930.21948631
-1930.22120771
-1930.22216768
-1930.22132154
-1930.21791508
-1930.21321968
-1930.21017327
-1930.21066148
-1930.21311365
-1930.21388025
-1930.21106991
-1930.20615525
-1930.20239409
-1930.20229185
-1930.20606727
-1930.21171065
-1930.21635163
-1930.21812216
-1930.2174814
-1930.21651596
-1930.21623201
-1930.21583926
-1930.21491466
-1930.21377652
-1930.21257573
-1930.21137847
-1930.21036532
-1930.20948478
-1930.20832251
-1930.2066448
-1930.20505792
-1930.20435252
-1930.20399849
-1930.20289571
-1930.20133844
-1930.20073957
-1930.20186717
-1930.20437271
-1930.20788441
-1930.21245182
-1930.21750818
-1930.22133341
-1930.2224247
-1930.22098194
-1930.21853795
-1930.21648623
-1930.21517831
-1930.21388629
-1930.21162193
-1930.2082537
-1930.20457701
-1930.20137865
-1930.19895807
-1930.19761427
-1930.19820359
-1930.20171532
-1930.2076774
-1930.21344645
-1930.21607429
-1930.21463433
-1930.21075118
-1930.20760813
-1930.20782712
-1930.21135443
-1930.2158196
-1930.21880433
-1930.21916713
-1930.21687915
-1930.21296363
-1930.20935996
-1930.20757973
-1930.2075981
-1930.20839939
-1930.20887137
-1930.20815911
-1930.20606696
-1930.20344819
-1930.2019042
-1930.20266719
-1930.20567998
-1930.20971027
-1930.21326154
-1930.21554327
-1930.21678312
-1930.21741537
-1930.21737266
-1930.21638096
-1930.21449825
-1930.21215221
-1930.21005245
-1930.20896757
-1930.20902721
-1930.20945106
-1930.20948768
-1930.20932293
-1930.20947479
-1930.20973273
-1930.20965267
-1930.2096309
-1930.21047944
-1930.21240382
-1930.21489609
-1930.21712879
-1930.21825621
-1930.21773255
-1930.21562461
-1930.21295595
-1930.21159969
-1930.2131388
-1930.2170137
-1930.22028263
-1930.22017262
-1930.21676581
-1930.21263592
-1930.21010367
-1930.20927032
-1930.20883934
-1930.20835593
-1930.20877958
-1930.21088511
-1930.21360065
-1930.21448355
-1930.21250709
-1930.20971799
-1930.20907499
-1930.21126613
-1930.21444348
-1930.21624904
-1930.21548583
-1930.21248708
-1930.20894225
-1930.2071301
-1930.20823772
-1930.21097046
-1930.21274166
-1930.21275034
-1930.2131318
-1930.21602698
-1930.21999839
-1930.22084111
-1930.2162697
-1930.20886008
-1930.20355906
-1930.2023281
-1930.20268442
-1930.20195272
-1930.20086406
-1930.20151313
-1930.20347759
-1930.20424672
-1930.20290456
-1930.2016595
-1930.2032516
-1930.20783519
-1930.21290735
-1930.21581984
-1930.21585997
-1930.21391932
-1930.21099397
-1930.20786183
-1930.20583809
-1930.20643645
-1930.20967903
-1930.21355602
-1930.21574041
-1930.21525312
-1930.21235748
-1930.20802973
-1930.20421438
-1930.20321079
-1930.20558958
-1930.20962814
-1930.21306395
-1930.21447789
-1930.21366895
-1930.21180495
-1930.21064235
-1930.21096967
-1930.21213097
-1930.21331037
-1930.21432917
-1930.21496231
-1930.2144138
-1930.21204138
-1930.20840177
-1930.20519504
-1930.20416774
-1930.20592274
-1930.20946323
-1930.2128895
-1930.21480161
-1930.21517855
-1930.21504189
-1930.2151573
-1930.21519641
-1930.21428834
-1930.21228641
-1930.21026232
-1930.20959211
-1930.2105326
-1930.21198952
-1930.21276385
-1930.21244242
-1930.21122805
-1930.20991106
-1930.20976533
-1930.21124101
-1930.21304214
-1930.21363082
-1930.21310228
-1930.21256232
-1930.21259524
-1930.21282013
-1930.21232643
-1930.21058778
-1930.20847025
-1930.20792604
-1930.20978591
-1930.2123203
-1930.21321444
-1930.2125624
-1930.21237132
-1930.21330331
-1930.21364558
-1930.2122754
-1930.21126768
-1930.21335482
-1930.21725101
-1930.2186738
-1930.21577521
-1930.21132064
-1930.20929786
-1930.21046879
-1930.21216088
-1930.21197093
-1930.21028763
-1930.20889781
-1930.20844241
-1930.20816689
-1930.20742288
-1930.20648837
-1930.20618319
-1930.20701919
-1930.20880167
-1930.21091791
-1930.21275319
-1930.21390164
-1930.21448068
-1930.21518741
-1930.21638479
-1930.217022
-1930.21528122
-1930.21090298
-1930.20637015
-1930.20479958
-1930.20638422
-1930.20817933
-1930.20777698
-1930.20577435
-1930.2042143
-1930.20418688
-1930.20553654
-1930.20789115
-1930.21111702
-1930.21459571
-1930.21672459
-1930.21592927
-1930.21229615
-1930.2077692
-1930.20467792
-1930.20425216
-1930.20619027
-1930.20914138
-1930.21151854
-1930.21230218
-1930.2113251
-1930.20875093
-1930.20506465
-1930.2020675
-1930.20241942
-1930.20684651
-1930.21286089
-1930.21685892
-1930.21701884
-1930.21440212
-1930.21178594
-1930.21145062
-1930.21356229
-1930.21627372
-1930.21744195
-1930.21637015
-1930.21408782
-1930.21214801
-1930.21096664
-1930.20953579
-1930.20710936
-1930.2047049
-1930.20457553
-1930.20807876
-1930.21371295
-1930.21745967
-1930.21642953
-1930.21227579
-1930.20967699
-1930.21120063
-1930.21473838
-1930.21625224
-1930.21441695
-1930.21179778
-1930.21144043
-1930.21315073
-1930.21394447
-1930.21190331
-1930.20850129
-1930.20694628
-1930.20863107
-1930.21161941
-1930.21280804
-1930.21122034
-1930.20869813
-1930.20766985
-1930.20881212
-1930.21056241
-1930.21067122
-1930.20856321
-1930.20618197
-1930.20621259
-1930.20937786
-1930.2135166
-1930.21547993
-1930.21407775
-1930.21111764
-1930.20962622
-1930.21094793
-1930.21333703
-1930.21371102
-1930.21106721
-1930.20760278
-1930.20612388
-1930.20737447
-1930.21000763
-1930.2119347
-1930.21179301
-1930.21040398
-1930.21015605
-1930.21181663
-1930.21334287
-1930.2129261
-1930.21153617
-1930.21149615
-1930.21358476
-1930.21620022
-1930.2172
-1930.21608745
-1930.21427889
-1930.21356032
-1930.21440117
-1930.21549007
-1930.21507532
-1930.2127151
-1930.20930551
-1930.20591385
-1930.20311562
-1930.2013004
-1930.20091337
-1930.20214873
-1930.20447424
-1930.20688656
-1930.20860741
-1930.20921104
-1930.20888541
-1930.20883547
-1930.2104607
-1930.21373383
-1930.21680734
-1930.21767176
-1930.21593619
-1930.21273969
-1930.20942223
-1930.20664548
-1930.20448742
-1930.20340892
-1930.20455912
-1930.20816553
-1930.21199885
-1930.21293465
-1930.21010546
-1930.20579452
-1930.20360288
-1930.2057185
-1930.21105114
-1930.21587096
-1930.21696217
-1930.21423896
-1930.2102006
-1930.2075706
-1930.20744686
-1930.20888835
-1930.21022319
-1930.21104298
-1930.21215603
-1930.2137664
-1930.21467841
-1930.21350536
-1930.21051364
-1930.20808441
-1930.2088953
-1930.21316862
-1930.21814036
-1930.22055813
-1930.21958475
-1930.21701
-1930.21502028
-1930.21414656
-1930.21349732
-1930.21264979
-1930.21233082
-1930.21303374
-1930.21386771
-1930.21320843
-1930.21030604
-1930.20620186
-1930.203174
-1930.20316765
-1930.20629761
-1930.21080297
-1930.21452454
-1930.21613113
-1930.21538206
-1930.21310129
-1930.21077131
-1930.20958092
-1930.2099601
-1930.21189989
-1930.21501498
-1930.21817795
-1930.21970118
-1930.21841921
-1930.21480322
-1930.21085458
-1930.20847972
-1930.20787857
-1930.20778351
-1930.20734981
-1930.20698246
-1930.20700324
-1930.20660155
-1930.20500877
-1930.20303652
-1930.20287777
-1930.20604753
-1930.21145411
-1930.21645978
-1930.21952277
-1930.22078168
-1930.22048933
-1930.21838003
-1930.21489447
-1930.2118261
-1930.21078172
-1930.21130466
-1930.21122122
-1930.20890185
-1930.20492991
-1930.20165269
-1930.20115952
-1930.20366789
-1930.20764802
-1930.21115876
-1930.21320587
-1930.21432919
-1930.21577612
-1930.21774337
-1930.21889946
-1930.21804167
-1930.21571434
-1930.21369325
-1930.21277156
-1930.21166493
-1930.20868097
-1930.20416826
-1930.20067668
-1930.20044092
-1930.2031448
-1930.20658745
-1930.2089749
-1930.20994951
-1930.20995186
-1930.20971104
-1930.20997601
-1930.21077345
-1930.21138101
-1930.21148607
-1930.21138214
-1930.21094029
-1930.20950548
-1930.20713478
-1930.20510617
-1930.20488997
-1930.20691785
-1930.21029076
-1930.21329652
-1930.21446796
-1930.21359691
-1930.21178004
-1930.21035173
-1930.20984279
-1930.21015534
-1930.21126595
-1930.21300193
-1930.21436174
-1930.21399559
-1930.21150985
-1930.20794336
-1930.20516595
-1930.20487223
-1930.20737519
-1930.21098005
-1930.21351674
-1930.21456475
-1930.21503521
-1930.21522832
-1930.21477427
-1930.21373008
-1930.21282091
-1930.21296174
-1930.21435979
-1930.215751
-1930.21526092
-1930.21241615
-1930.20890339
-1930.20703761
-1930.20759086
-1930.20935299
-1930.21081911
-1930.21187101
-1930.21346577
-1930.2159114
-1930.21774389
-1930.21693015
-1930.21340606
-1930.20972651
-1930.20859078
-1930.21010256
-1930.21194055
-1930.21182957
-1930.20950568
-1930.20663077
-1930.20504089
-1930.20490709
-1930.20494017
-1930.20455378
-1930.20496921
-1930.20752444
-1930.21149356
-1930.2144748
-1930.21479807
-1930.21312022
-1930.21172305
-1930.21223695
-1930.21414679
-1930.21556695
-1930.21522057
-1930.21343643
-1930.21137583
-1930.20960323
-1930.2076229
-1930.20497394
-1930.20259564
-1930.20239228
-1930.20511713
-1930.20930511
-1930.21248923
-1930.21311687
-1930.21142046
-1930.20912769
-1930.20833105
-1930.20996866
-1930.21301066
-1930.21542943
-1930.21602095
-1930.21524949
-1930.21452208
-1930.21472317
-1930.21548435
-1930.2158587
-1930.21552817
-1930.21504328
-1930.21494306
-1930.21532026
-1930.2158378
-1930.2153475
-1930.21255752
-1930.20799218
-1930.20428683
-1930.20368424
-1930.2057464
-1930.20785959
-1930.20771724
-1930.20538628
-1930.20341939
-1930.20481766
-1930.21007064
-1930.21607723
-1930.21889061
-1930.21738135
-1930.2136734
-1930.21069191
-1930.20967687
-1930.20960273
-1930.2088103
-1930.20716366
-1930.20614758
-1930.20681086
-1930.20824993
-1930.20843325
-1930.20657823
-1930.20462487
-1930.20557218
-1930.21005208
-1930.21546722
-1930.21844359
-1930.21758695
-1930.21442534
-1930.21196463
-1930.2119346
-1930.21335777
-1930.21407279
-1930.21314057
-1930.21123576
-1930.20924596
-1930.2074562
-1930.20609853
-1930.20561207
-1930.20601281
-1930.20674084
-1930.20740155
-1930.20834282
-1930.21027533
-1930.21314611
-1930.21588659
-1930.2176761
-1930.21877307
-1930.21947752
-1930.21918106
-1930.21719219
-1930.21405283
-1930.21122506
-1930.20927277
-1930.20717825
-1930.20396871
-1930.20035488
-1930.19824563
-1930.19892233
-1930.20202063
-1930.20646101
-1930.21163675
-1930.21697272
-1930.22094611
-1930.22145306
-1930.21793572
-1930.21333463
-1930.21188182
-1930.21388409
-1930.21578456
-1930.21478544
-1930.21086287
-1930.20576301
-1930.20165391
-1930.2002402
-1930.20206482
-1930.20617747
-1930.21064727
-1930.21375156
-1930.21483148
-1930.2142711
-1930.2130315
-1930.21210174
-1930.21213013
-1930.2133894
-1930.21574902
-1930.21837405
-1930.21973625
-1930.21850311
-1930.21478319
-1930.21058553
-1930.20854454
-1930.20955096
-1930.21181206
-1930.21278083
-1930.21161567
-1930.20941415
-1930.2076845
-1930.20743536
-1930.20908718
-1930.21205187
-1930.21487083
-1930.21639003
-1930.21648105
-1930.21560101
-1930.21421929
-1930.21268435
-1930.21136505
-1930.21057833
-1930.21032411
-1930.21020468
-1930.20970755
-1930.20847628
-1930.20653144
-1930.20472485
-1930.20469306
-1930.20743567
-1930.21189741
-1930.21562702
-1930.21667095
-1930.21476686
-1930.21134093
-1930.20858299
-1930.20792549
-1930.2090895
-1930.21054613
-1930.21076388
-1930.20915578
-1930.20656974
-1930.20507161
-1930.20619332
-1930.20912122
-1930.21160985
-1930.21211062
-1930.21054657
-1930.20785123
-1930.20515533
-1930.20330416
-1930.20293184
-1930.20434684
-1930.20703933
-1930.20982921
-1930.21189428
-1930.21338096
-1930.21495866
-1930.21693497
-1930.21885167
-1930.21996361
-1930.21986668
-1930.2183805
-1930.21555274
-1930.21228363
-1930.21021233
-1930.2100597
-1930.21059459
-1930.21006132
-1930.20814893
-1930.205907
-1930.20439705
-1930.20403093
-1930.20487555
-1930.20709572
-1930.21072667
-1930.21484736
-1930.21754179
-1930.21765382
-1930.21625671
-1930.21551127
-1930.21638198
-1930.21802178
-1930.21897689
-1930.21857251
-1930.21694277
-1930.21413289
-1930.21000591
-1930.20519148
-1930.20158869
-1930.20111276
-1930.20372307
-1930.20708704
-1930.20843326
-1930.20701121
-1930.20487889
-1930.2050384
-1930.20862609
-1930.21398343
-1930.21831085
-1930.22008976
-1930.21984573
-1930.21881009
-1930.21722168
-1930.21445681
-1930.21070531
-1930.20745945
-1930.20621338
-1930.20713586
-1930.20894305
-1930.20992835
-1930.20918239
-1930.20737593
-1930.20648948
-1930.20794585
-1930.21108738
-1930.21400311
-1930.21528787
-1930.21482537
-1930.21358251
-1930.2126274
-1930.21199892
-1930.21097083
-1930.20943121
-1930.20836061
-1930.20879933
-1930.21063836
-1930.21234144
-1930.21205043
-1930.20940581
-1930.20608026
-1930.20427045
-1930.20453081
-1930.20532181
-1930.20489148
-1930.20361055
-1930.20376523
-1930.20656018
-1930.21003976
-1930.21112079
-1930.20951879
-1930.20859204
-1930.21145779
-1930.21702257
-1930.22110249
-1930.22099008
-1930.21772256
-1930.21421578
-1930.21230739
-1930.21178733
-1930.21158828
-1930.2110329
-1930.21001619
-1930.20860895
-1930.20690456
-1930.20513457
-1930.20375503
-1930.2034199
-1930.20485658
-1930.20859931
-1930.21414786
-1930.21954253
-1930.22244495
-1930.22197025
-1930.21957014
-1930.21782466
-1930.2180343
-1930.21895152
-1930.21828833
-1930.2152704
-1930.21114097
-1930.20743598
-1930.20458431
-1930.20232851
-1930.20091277
-1930.20122804
-1930.20383745
-1930.20812889
-1930.21237818
-1930.21475318
-1930.21465049
-1930.21338566
-1930.21356535
-1930.21700371
-1930.22271987
-1930.22733967
-1930.22758112
-1930.22264333
-1930.21498231
-1930.208581
-1930.20558414
-1930.20467974
-1930.20337882
-1930.20116614
-1930.19971305
-1930.20064328
-1930.20359455
-1930.20636036
-1930.20713602
-1930.20672675
-1930.20795607
-1930.21243694
-1930.21827288
-1930.22150135
-1930.21977848
-1930.21447074
-1930.20929212
-1930.20688004
-1930.20669242
-1930.20682589
-1930.2067867
-1930.20707058
-1930.20732671
-1930.20626374
-1930.20313198
-1930.1991923
-1930.19743295
-1930.20003834
-1930.20614058
-1930.21259417
-1930.2163164
-1930.2160816
-1930.21314381
-1930.21039246
-1930.21036752
-1930.21351638
-1930.21790494
-1930.22067569
-1930.22023092
-1930.21710037
-1930.21270189
-1930.20772908
-1930.20249226
-1930.19858778
-1930.1986681
-1930.20370827
-1930.2111906
-1930.21652585
-1930.21655568
-1930.21245375
-1930.20909283
-1930.21025255
-1930.21486745
-1930.21928049
-1930.22164478
-1930.22255387
-1930.22256578
-1930.22088806
-1930.21686108
-1930.21184976
-1930.20856932
-1930.20829545
-1930.20969272
-1930.21062445
-1930.20989172
-1930.20741285
-1930.20386311
-1930.20054084
-1930.19900994
-1930.2003573
-1930.20450604
-1930.2101505
-1930.21549978
-1930.21909018
-1930.22029423
-1930.21966117
-1930.21850849
-1930.21793895
-1930.21830548
-1930.21920323
-1930.21972171
-1930.21883605
-1930.21581774
-1930.21062838
-1930.20424495
-1930.19859621
-1930.1958444
-1930.19720328
-1930.20202425
-1930.20807212
-1930.21281735
-1930.21475563
-1930.21411504
-1930.21257819
-1930.21208366
-1930.21343421
-1930.21601926
-1930.21866465
-1930.22043371
-1930.22053545
-1930.21804263
-1930.21254937
-1930.20562704
-1930.20067889
-1930.20027519
-1930.2038618
-1930.20829093
-1930.21014382
-1930.20809614
-1930.20397085
-1930.20143161
-1930.20301351
-1930.20812628
-1930.21397648
-1930.21806703
-1930.21969804
-1930.21941209
-1930.21793709
-1930.21580402
-1930.21326395
-1930.21042709
-1930.2079362
-1930.20707335
-1930.20827535
-1930.20974168
-1930.20868902
-1930.20438998
-1930.19937446
-1930.19738932
-1930.20022401
-1930.20640836
-1930.21258901
-1930.2160963
-1930.2164412
-1930.21492812
-1930.21323689
-1930.21236957
-1930.21254441
-1930.21346133
-1930.21452327
-1930.21510992
-1930.21473004
-1930.21299581
-1930.21003254
-1930.20702478
-1930.20586742
-1930.20772539
-1930.21168705
-1930.21490217
-1930.21471338
-1930.21129625
-1930.20787322
-1930.20747834
-1930.20982609
-1930.21226109
-1930.21306832
-1930.21275285
-1930.21244298
-1930.2121827
-1930.21129784
-1930.20990639
-1930.20936942
-1930.21083121
-1930.21375161
-1930.21627653
-1930.21678979
-1930.21503115
-1930.21223822
-1930.21029886
-1930.21040392
-1930.21223178
-1930.21419367
-1930.21457348
-1930.21292264
-1930.21055802
-1930.2093391
-1930.20972256
-1930.21043502
-1930.21020909
-1930.20926657
-1930.20878918
-1930.20924817
-1930.2098132
-1930.20981156
-1930.20992052
-1930.21093773
-1930.2120872
-1930.2116751
-1930.2094302
-1930.20732566
-1930.2074461
-1930.20966725
-1930.21197585
-1930.21240626
-1930.21044442
-1930.20728721
-1930.20507895
-1930.20550055
-1930.20856745
-1930.2127012
-1930.21592757
-1930.21694195
-1930.21555215
-1930.21261933
-1930.20957209
-1930.20770662
-1930.20764569
-1930.20937817
-1930.21233336
-1930.21506094
-1930.21563392
-1930.21338587
-1930.21015767
-1930.20888477
-1930.21077554
-1930.21449146
-1930.21781413
-1930.21915946
-1930.21794635
-1930.21469634
-1930.21103621
-1930.2088539
-1930.20886962
-1930.21028888
-1930.21190146
-1930.21300421
-1930.21323176
-1930.21224702
-1930.21009569
-1930.20772711
-1930.20670817
-1930.20817897
-1930.21176142
-1930.21543733
-1930.21692426
-1930.21553545
-1930.21259951
-1930.21020342
-1930.20978097
-1930.21128795
-1930.21342011
-1930.21485177
-1930.21517232
-1930.21449257
-1930.21296491
-1930.21100771
-1930.20948938
-1930.20923231
-1930.21028741
-1930.21173588
-1930.21231652
-1930.21150106
-1930.20986745
-1930.20844973
-1930.20797948
-1930.20851427
-1930.2093748
-1930.20953636
-1930.20843271
-1930.20673707
-1930.20604296
-1930.20710386
-1930.20879769
-1930.20955571
-1930.2093388
-1930.20959583
-1930.21128717
-1930.21347403
-1930.21426966
-1930.21288785
-1930.21032428
-1930.20812861
-1930.20700168
-1930.20658582
-1930.20625268
-1930.20589654
-1930.20613695
-1930.20760012
-1930.20995228
-1930.21191205
-1930.21241873
-1930.21167181
-1930.21089314
-1930.21097189
-1930.21166006
-1930.21201982
-1930.21121057
-1930.20901494
-1930.2063226
-1930.20504132
-1930.20669972
-1930.21063446
-1930.21419392
-1930.21536062
-1930.214677
-1930.21418293
-1930.21476078
-1930.21522249
-1930.21403562
-1930.21137684
-1930.20913138
-1930.20908703
-1930.21141632
-1930.21452803
-1930.21593991
-1930.21396982
-1930.20950255
-1930.20603572
-1930.20631439
-1930.20902793
-1930.2105855
-1930.20932459
-1930.20679499
-1930.20571956
-1930.2073367
-1930.21072557
-1930.21431102
-1930.2174003
-1930.22015968
-1930.22260693
-1930.22386381
-1930.22267832
-1930.21902014
-1930.21458738
-1930.21136624
-1930.20988951
-1930.20914576
-1930.20796815
-1930.20616757
-1930.20452843
-1930.20412923
-1930.205651
-1930.20890114
-1930.21263561
-1930.2151328
-1930.21549151
-1930.21448068
-1930.21377474
-1930.21408522
-1930.21465295
-1930.21514515
-1930.21644045
-1930.21854941
-1930.21962626
-1930.21801289
-1930.2143475
-1930.2111434
-1930.21018266
-1930.21077692
-1930.21074196
-1930.20864749
-1930.2050411
-1930.20174199
-1930.20034147
-1930.20136195
-1930.20439088
-1930.20852293
-1930.21268639
-1930.21589759
-1930.21766414
-1930.21819052
-1930.21798618
-1930.21727162
-1930.21597095
-1930.21425096
-1930.21260145
-1930.21123942
-1930.20974407
-1930.20762811
-1930.20518695
-1930.20352401
-1930.20353772
-1930.20510321
-1930.2071855
-1930.20849315
-1930.20833028
-1930.20700672
-1930.20554019
-1930.20514138
-1930.20660339
-1930.20955447
-1930.21248856
-1930.21398307
-1930.21392893
-1930.21324895
-1930.21268317
-1930.21222749
-1930.21164847
-1930.21108007
-1930.21080297
-1930.21056937
-1930.20967808
-1930.20775833
-1930.20522779
-1930.20324334
-1930.20328075
-1930.206167
-1930.2108892
-1930.21486188
-1930.21609396
-1930.21502071
-1930.21386965
-1930.21424648
-1930.21562722
-1930.2163293
-1930.21554932
-1930.21397533
-1930.21232829
-1930.21026484
-1930.20746866
-1930.20513988
-1930.20527238
-1930.20833931
-1930.21236016
-1930.21464733
-1930.21419526
-1930.21219577
-1930.21056948
-1930.21043151
-1930.21192094
-1930.2146086
-1930.2175096
-1930.21920636
-1930.21865476
-1930.21606122
-1930.21289605
-1930.21079385
-1930.21026232
-1930.2105305
-1930.21060697
-1930.21008483
-1930.20893055
-1930.2070677
-1930.20480368
-1930.20341651
-1930.20436556
-1930.20762995
-1930.21172793
-1930.21539066
-1930.21815664
-1930.21949804
-1930.21871259
-1930.21615958
-1930.21381388
-1930.21366701
-1930.2155396
-1930.21705553
-1930.21600191
-1930.21238438
-1930.20819762
-1930.20548286
-1930.20476189
-1930.20517125
-1930.20569935
-1930.20605008
-1930.20655047
-1930.20746417
-1930.20837696
-1930.20854661
-1930.2080788
-1930.20816527
-1930.20968519
-1930.21195252
-1930.21345289
-1930.21361127
-1930.21339577
-1930.21417993
-1930.21616135
-1930.2178365
-1930.21724844
-1930.21393569
-1930.20951962
-1930.20629296
-1930.20528878
-1930.20589629
-1930.20709401
-1930.20839215
-1930.20963483
-1930.21076297
-1930.21183312
-1930.21252752
-1930.21223279
-1930.21132644
-1930.21121455
-1930.21271063
-1930.21469303
-1930.21445198
-1930.21012349
-1930.20360641
-1930.20010591
-1930.20295295
-1930.2099101
-1930.21605343
-1930.21832483
-1930.21687734
-1930.21367459
-1930.21059277
-1930.20858893
-1930.20795182
-1930.20870668
-1930.21059562
-1930.21267978
-1930.21332084
-1930.21134897
-1930.20761619
-1930.20477728
-1930.20510312
-1930.20872316
-1930.21390783
-1930.21817123
-1930.21910996
-1930.21573077
-1930.21025444
-1930.20729053
-1930.20916387
-1930.21330261
-1930.21582392
-1930.21598262
-1930.21580319
-1930.21635205
-1930.21625961
-1930.21410198
-1930.21080854
-1930.20874403
-1930.20906583
-1930.21068652
-1930.21145501
-1930.21011968
-1930.20752746
-1930.20594873
-1930.20686363
-1930.20975019
-1930.21325917
-1930.21650678
-1930.21885964
-1930.21977989
-1930.21933434
-1930.21798683
-1930.21588008
-1930.2128489
-1930.20928191
-1930.20646424
-1930.20561126
-1930.20665203
-1930.20827002
-1930.20923818
-1930.20929175
-1930.20892693
-1930.20888643
-1930.20977332
-1930.21169159
-1930.21414617
-1930.21656714
-1930.21842172
-1930.21878228
-1930.21668663
-1930.2124346
-1930.20818553
-1930.20666244
-1930.2087718
-1930.21251992
-1930.21464323
-1930.21350344
-1930.2101351
-1930.206595
-1930.2042209
-1930.20355264
-1930.20469505
-1930.20714209
-1930.20963732
-1930.21060981
-1930.20929522
-1930.20675553
-1930.20535222
-1930.20672728
-1930.21049907
-1930.21482974
-1930.21746305
-1930.216643
-1930.21214644
-1930.20609574
-1930.20209479
-1930.20221517
-1930.20529255
-1930.20887606
-1930.2113453
-1930.21185774
-1930.21002065
-1930.20661209
-1930.20381341
-1930.20363071
-1930.20625858
-1930.21018882
-1930.21358142
-1930.21522592
-1930.21463092
-1930.21219906
-1930.20949914
-1930.20843053
-1930.20959961
-1930.21198088
-1930.21437073
-1930.21629162
-1930.2172455
-1930.21617109
-1930.21243685
-1930.20711224
-1930.202986
-1930.20303007
-1930.20752083
-1930.2129154
-1930.21509901
-1930.21317942
-1930.20992342
-1930.20902153
-1930.21172209
-1930.21635458
-1930.22047327
-1930.22244515
-1930.22167323
-1930.21876104
-1930.21516145
-1930.21179121
-1930.20861358
-1930.20586854
-1930.2046969
-1930.20614443
-1930.20973788
-1930.21341904
-1930.21510614
-1930.2143956
-1930.21276648
-1930.21225426
-1930.21385606
-1930.21693945
-1930.21976959
-1930.2207661
-1930.21928831
-1930.21558919
-1930.21080521
-1930.20703574
-1930.2060316
-1930.20735761
-1930.20903877
-1930.209871
-1930.2102601
-1930.21091647
-1930.21147792
-1930.21129144
-1930.21105047
-1930.21231842
-1930.21529746
-1930.21801292
-1930.21808914
-1930.21515291
-1930.21136134
-1930.20936199
-1930.20978361
-1930.2110597
-1930.21135537
-1930.21003146
-1930.20763991
-1930.20536347
-1930.20419185
-1930.20419052
-1930.20495853
-1930.20647427
-1930.2087895
-1930.21109718
-1930.21198832
-1930.21113423
-1930.2101881
-1930.21125085
-1930.21442095
-1930.21741785
-1930.21785109
-1930.21549904
-1930.21201847
-1930.20896182
-1930.20708046
-1930.20685102
-1930.20813758
-1930.20947025
-1930.20897605
-1930.20627158
-1930.20312367
-1930.20198156
-1930.20355975
-1930.20612957
-1930.20787151
-1930.20905091
-1930.21095101
-1930.21335172
-1930.2143693
-1930.21295067
-1930.21077351
-1930.21060709
-1930.21272302
-1930.21443794
-1930.21350059
-1930.21045362
-1930.20736641
-1930.20526915
-1930.2039165
-1930.20346861
-1930.20445616
-1930.20626375
-1930.20730291
-1930.20685064
-1930.20614683
-1930.20722048
-1930.21053995
-1930.21457052
-1930.21753997
-1930.21883836
-1930.21887567
-1930.21808447
-1930.21654402
-1930.21466581
-1930.21364866
-1930.21428382
-1930.21554665
-1930.21542844
-1930.21325616
-1930.21040164
-1930.2086737
-1930.20859117
-1930.20962893
-1930.21144077
-1930.2138799
-1930.21592666
-1930.21567377
-1930.21227824
-1930.2078895
-1930.20646875
-1930.20979065
-1930.21544633
-1930.21941152
-1930.2195383
-1930.21659912
-1930.21304646
-1930.21114131
-1930.21169999
-1930.21389675
-1930.2162841
-1930.2178948
-1930.21804962
-1930.21597173
-1930.21164011
-1930.20678772
-1930.2041261
-1930.20514325
-1930.20897035
-1930.21340317
-1930.21638925
-1930.21658191
-1930.2135145
-1930.20831462
-1930.20400548
-1930.203532
-1930.20687203
-1930.21078651
-1930.21165428
-1930.20865142
-1930.20451693
-1930.20304493
-1930.20573004
-1930.21082464
-1930.21529748
-1930.21734848
-1930.21715287
-1930.21580215
-1930.21422037
-1930.21296552
-1930.2121555
-1930.21128076
-1930.20989754
-1930.20851338
-1930.2077464
-1930.20682703
-1930.20480315
-1930.20292639
-1930.20394709
-1930.2086411
-1930.21412335
-1930.21632112
-1930.21399191
-1930.21024179
-1930.20943218
-1930.21234734
-1930.21593985
-1930.21726596
-1930.21626622
-1930.21508724
-1930.21524977
-1930.21599175
-1930.21550888
-1930.21350357
-1930.21158446
-1930.21090204
-1930.21037121
-1930.20803582
-1930.20367905
-1930.19941993
-1930.19779928
-1930.19968818
-1930.20400639
-1930.20887385
-1930.21276248
-1930.21500973
-1930.21592622
-1930.21629496
-1930.21634365
-1930.21569699
-1930.21463405
-1930.21419986
-1930.21449194
-1930.2139633
-1930.21115247
-1930.20685102
-1930.20407936
-1930.20523255
-1930.20953254
-1930.21381882
-1930.21531109
-1930.213424
-1930.20963798
-1930.2060331
-1930.20418791
-1930.20479481
-1930.20753645
-1930.21145199
-1930.21530779
-1930.21755676
-1930.21715109
-1930.21493108
-1930.2133266
-1930.21420602
-1930.21722966
-1930.22027612
-1930.22116304
-1930.21908633
-1930.21491324
-1930.21047452
-1930.20733274
-1930.20600993
-1930.20624671
-1930.20743545
-1930.20889903
-1930.21018775
-1930.21101342
-1930.21102539
-1930.21027063
-1930.20959818
-1930.21006953
-1930.21201645
-1930.21467629
-1930.21669239
-1930.21703604
-1930.21567044
-1930.21349695
-1930.21162245
-1930.21039096
-1930.20924328
-1930.20787154
-1930.20687652
-1930.20686208
-1930.20755164
-1930.20805419
-1930.20774246
-1930.20707563
-1930.20733183
-1930.20894425
-1930.2109258
-1930.21229469
-1930.21288568
-1930.21289419
-1930.21279398
-1930.21290917
-1930.21265374
-1930.21118435
-1930.20882191
-1930.20704358
-1930.20699023
-1930.20794457
-1930.20784479
-1930.20590436
-1930.20387475
-1930.20417485
-1930.2073253
-1930.21158237
-1930.21459935
-1930.21540691
-1930.21521553
-1930.21606289
-1930.21806394
-1930.21921892
-1930.2185464
-1930.21727818
-1930.21624826
-1930.2144306
-1930.21109163
-1930.20751275
-1930.20562317
-1930.20585278
-1930.20687537
-1930.20729729
-1930.20730871
-1930.20823656
-1930.21048664
-1930.21278117
-1930.21371036
-1930.21325627
-1930.2127836
-1930.213818
-1930.21638745
-1930.21850453
-1930.21808792
-1930.21524163
-1930.21197068
-1930.20992363
-1930.20900772
-1930.20832874
-1930.2076708
-1930.2075968
-1930.20849652
-1930.21003058
-1930.21123933
-1930.21114904
-1930.21002695
-1930.20984084
-1930.21228985
-1930.21645208
-1930.21946951
-1930.21933838
-1930.21646781
-1930.2131658
-1930.21163387
-1930.2116432
-1930.21122965
-1930.20979965
-1930.20847207
-1930.2078619
-1930.20735586
-1930.20655188
-1930.20625373
-1930.20756845
-1930.21066511
-1930.21449978
-1930.21728373
-1930.2177503
-1930.2167248
-1930.21653118
-1930.21816235
-1930.22002767
-1930.21982032
-1930.2169973
-1930.21339085
-1930.21153445
-1930.21203732
-1930.21287593
-1930.21193689
-1930.20939667
-1930.20678356
-1930.20471047
-1930.20283359
-1930.20148111
-1930.20206213
-1930.20558792
-1930.21100264
-1930.21543232
-1930.21655305
-1930.21450857
-1930.21142337
-1930.20962654
-1930.21030573
-1930.21293767
-1930.21543928
-1930.21535372
-1930.21177502
-1930.20666503
-1930.20358365
-1930.20419381
-1930.20681495
-1930.20887395
-1930.2095224
-1930.20967642
-1930.21052303
-1930.21219271
-1930.21341512
-1930.212763
-1930.21050665
-1930.20883389
-1930.20975036
-1930.21300459
-1930.2163818
-1930.21750884
-1930.21547245
-1930.21181276
-1930.20956918
-1930.21022214
-1930.2124887
-1930.21433229
-1930.21461559
-1930.21336083
-1930.21142657
-1930.20977412
-1930.20896488
-1930.20913245
-1930.21002789
-1930.21121795
-1930.21259807
-1930.21421998
-1930.2155522
-1930.21562951
-1930.21410604
-1930.21175552
-1930.20996734
-1930.20972792
-1930.21067263
-1930.21116308
-1930.20990122
-1930.20740044
-1930.20554002
-1930.20584553
-1930.20831928
-1930.21161922
-1930.21417275
-1930.21521306
-1930.21535505
-1930.21620728
-1930.21879364
-1930.22160341
-1930.22130693
-1930.21649051
-1930.20960584
-1930.20439645
-1930.20232234
-1930.2021449
-1930.20218619
-1930.20197605
-1930.20203679
-1930.20294247
-1930.20459983
-1930.20627666
-1930.20751318
-1930.20883448
-1930.21106982
-1930.21421493
-1930.21722464
-1930.21880888
-1930.2184528
-1930.21654207
-1930.21389772
-1930.21189649
-1930.21181822
-1930.21308114
-1930.21315862
-1930.2102647
-1930.20567751
-1930.20262082
-1930.20287778
-1930.20530581
-1930.20770644
-1930.20923646
-1930.21063875
-1930.2127219
-1930.2152344
-1930.21719251
-1930.21786658
-1930.21738696
-1930.21667699
-1930.21659764
-1930.21698535
-1930.21654714
-1930.21402226
-1930.20991763
-1930.20680812
-1930.2071009
-1930.2105012
-1930.21427344
-1930.21581789
-1930.21467013
-1930.21254481
-1930.2118139
-1930.21317892
-1930.21464386
-1930.21407511
-1930.21222205
-1930.211686
-1930.21334952
-1930.21480735
-1930.21318384
-1930.20907867
-1930.20657707
-1930.20875128
-1930.2140883
-1930.21790824
-1930.21676661
-1930.21127854
-1930.20522273
-1930.20227386
-1930.20333476
-1930.2062622
-1930.20836038
-1930.20919689
-1930.21051643
-1930.21355358
-1930.21699021
-1930.21803374
-1930.215693
-1930.21226043
-1930.21104693
-1930.2128054
-1930.21466684
-1930.21282608
-1930.20660554
-1930.19980134
-1930.19728511
-1930.1998106
-1930.2034868
-1930.20461002
-1930.20406133
-1930.20565264
-1930.21026507
-1930.21447001
-1930.21486084
-1930.21189428
-1930.2094854
-1930.21084091
-1930.21489137
-1930.21773281
-1930.21737384
-1930.2155844
-1930.21482127
-1930.21493524
-1930.21390425
-1930.21069718
-1930.20652672
-1930.20367225
-1930.20355172
-1930.20565997
-1930.20819212
-1930.20960562
-1930.20967803
-1930.20963266
-1930.21113545
-1930.21447338
-1930.21835648
-1930.22141073
-1930.22286936
-1930.2225246
-1930.22049903
-1930.21716727
-1930.21367233
-1930.21155179
-1930.21068316
-1930.20943629
-1930.20736882
-1930.2057092
-1930.20548591
-1930.20667042
-1930.20881199
-1930.21135904
-1930.21348648
-1930.21462948
-1930.21508763
-1930.21544766
-1930.21569649
-1930.21566207
-1930.21559431
-1930.21566499
-1930.21569606
-1930.2152393
-1930.21375537
-1930.21130747
-1930.20881975
-1930.20732698
-1930.20713178
-1930.20785021
-1930.20882739
-1930.20906135
-1930.20746745
-1930.20420013
-1930.20137324
-1930.20167457
-1930.20595366
-1930.21213659
-1930.21680283
-1930.21787576
-1930.21569876
-1930.21208111
-1930.20897552
-1930.20770891
-1930.20865623
-1930.21100688
-1930.21290769
-1930.21263962
-1930.20996067
-1930.2063171
-1930.20392404
-1930.20442194
-1930.20819532
-1930.2142348
-1930.21999345
-1930.22240604
-1930.22016685
